2.5	6.47463
2.499	6.32439
2.498	6.29604
2.497	6.33979
2.496	6.27125
2.495	6.29871
2.494	6.391
2.493	6.29128
2.492	6.41101
2.491	6.36945
2.49	6.32975
2.489	6.49034
2.488	6.4397
2.487	6.5217
2.486	6.38448
2.485	6.31041
2.484	6.21639
2.483	6.41712
2.482	6.01378
2.481	6.14439
2.48	6.09146
2.479	6.16756
2.478	6.3556
2.477	6.20988
2.476	6.27982
2.475	6.15531
2.474	6.07281
2.473	6.02116
2.472	6.03705
2.471	6.34671
2.47	6.13658
2.469	6.1503
2.468	6.19497
2.467	6.01127
2.466	5.982
2.465	6.07625
2.464	5.99051
2.463	5.99716
2.462	6.12186
2.461	5.98912
2.46	5.74636
2.459	5.75747
2.458	5.60673
2.457	5.71445
2.456	5.62726
2.455	5.66611
2.454	5.5979
2.453	5.73376
2.452	5.85875
2.451	5.43942
2.45	5.35095
2.449	5.45706
2.448	5.42552
2.447	5.23143
2.446	5.29268
2.445	5.25519
2.444	5.29396
2.443	5.29572
2.442	5.38512
2.441	5.24638
2.44	5.37281
2.439	5.26531
2.438	5.29858
2.437	5.17546
2.436	5.18709
2.435	5.37564
2.434	5.25164
2.433	5.33117
2.432	5.48835
2.431	5.70324
2.43	5.7597
2.429	5.66183
2.428	5.56966
2.427	5.79892
2.426	6.0494
2.425	5.78291
2.424	5.76005
2.423	5.8442
2.422	6.03051
2.421	5.9495
2.42	5.78029
2.419	6.02833
2.418	6.10997
2.417	6.21278
2.416	6.15715
2.415	6.19563
2.414	6.01625
2.413	6.10002
2.412	5.96635
2.411	6.08436
2.41	6.19407
2.409	6.32368
2.408	6.1731
2.407	6.24419
2.406	6.19944
2.405	6.29063
2.404	6.22693
2.403	6.07795
2.402	6.21864
2.401	6.14088
2.4	6.23943
2.399	6.22863
2.398	6.16381
2.397	5.98658
2.396	6.13745
2.395	6.1229
2.394	6.01635
2.393	6.23392
2.392	5.98781
2.391	6.09883
2.39	6.13915
2.389	6.16802
2.388	5.98302
2.387	6.04544
2.386	6.34143
2.385	6.16339
2.384	6.25132
2.383	6.24994
2.382	6.32604
2.381	6.328
2.38	6.3294
2.379	6.26128
2.378	6.25214
2.377	6.34724
2.376	6.25755
2.375	6.14002
2.374	6.12505
2.373	6.13754
2.372	6.19192
2.371	6.14334
2.37	6.1828
2.369	6.3575
2.368	5.9522
2.367	5.956
2.366	6.13818
2.365	6.17602
2.364	6.15948
2.363	6.17349
2.362	6.11823
2.361	6.12358
2.36	6.06351
2.359	6.11239
2.358	6.04919
2.357	6.01165
2.356	6.02065
2.355	6.09021
2.354	6.15413
2.353	6.05776
2.352	6.16866
2.351	6.10721
2.35	5.98208
2.349	6.04007
2.348	6.0864
2.347	5.9878
2.346	6.00466
2.345	5.87257
2.344	6.00828
2.343	5.98388
2.342	5.96937
2.341	5.98834
2.34	5.90754
2.339	6.04903
2.338	6.01153
2.337	5.84213
2.336	5.90629
2.335	5.87778
2.334	5.88475
2.333	5.83639
2.332	5.97905
2.331	5.96937
2.33	5.83588
2.329	5.79036
2.328	5.81231
2.327	5.80287
2.326	5.82683
2.325	5.98015
2.324	5.92275
2.323	5.82397
2.322	5.88721
2.321	5.84163
2.32	5.95732
2.319	6.05683
2.318	6.05988
2.317	5.91498
2.316	6.08376
2.315	5.99949
2.314	5.96279
2.313	6.10458
2.312	6.19841
2.311	6.27995
2.31	6.17662
2.309	6.1825
2.308	6.18719
2.307	6.35436
2.306	6.26189
2.305	6.28927
2.304	6.15805
2.303	6.39782
2.302	6.39717
2.301	6.17074
2.3	6.26611
2.299	6.22782
2.298	6.25447
2.297	6.34566
2.296	6.21887
2.295	6.14728
2.294	6.28506
2.293	6.43819
2.292	6.40444
2.291	6.41231
2.29	6.44266
2.289	6.41669
2.288	6.32786
2.287	6.4878
2.286	6.54034
2.285	6.42688
2.284	6.42456
2.283	6.47305
2.282	6.43549
2.281	6.32418
2.28	6.36184
2.279	6.46117
2.278	6.43538
2.277	6.39128
2.276	6.38233
2.275	6.43786
2.274	6.39567
2.273	6.41818
2.272	6.37336
2.271	6.29878
2.27	6.30758
2.269	6.38342
2.268	6.42559
2.267	6.30866
2.266	6.44182
2.265	6.1898
2.264	6.25304
2.263	6.43833
2.262	6.33112
2.261	6.29517
2.26	6.3307
2.259	6.18247
2.258	6.15517
2.257	6.33844
2.256	6.31728
2.255	6.28733
2.254	6.31369
2.253	6.3619
2.252	6.20689
2.251	6.30148
2.25	6.37596
2.249	6.40899
2.248	6.45841
2.247	6.39338
2.246	6.54067
2.245	6.35346
2.244	6.29162
2.243	6.26455
2.242	6.41021
2.241	6.65895
2.24	6.62996
2.239	6.66272
2.238	6.5706
2.237	6.56213
2.236	6.70117
2.235	6.76985
2.234	6.87296
2.233	6.99985
2.232	7.10391
2.231	6.907
2.23	6.78803
2.229	6.93905
2.228	7.10432
2.227	7.10931
2.226	7.12486
2.225	7.09081
2.224	7.28672
2.223	7.48887
2.222	7.53694
2.221	7.64868
2.22	7.45592
2.219	7.4257
2.218	7.68026
2.217	7.74041
2.216	7.80016
2.215	7.82106
2.214	7.76487
2.213	7.71654
2.212	7.82462
2.211	7.88531
2.21	7.96629
2.209	8.0375
2.208	8.0539
2.207	7.98639
2.206	8.01247
2.205	8.05249
2.204	7.95802
2.203	8.02433
2.202	8.08738
2.201	8.11291
2.2	8.16093
2.199	8.20833
2.198	8.13284
2.197	8.15319
2.196	7.98939
2.195	8.13451
2.194	8.23271
2.193	8.09287
2.192	8.0761
2.191	8.06728
2.19	8.07781
2.189	8.02052
2.188	7.96058
2.187	7.84395
2.186	7.91778
2.185	7.90572
2.184	7.88505
2.183	7.93076
2.182	7.76907
2.181	7.70659
2.18	7.78505
2.179	7.81009
2.178	7.76866
2.177	7.83691
2.176	7.90337
2.175	7.90224
2.174	7.76079
2.173	7.90216
2.172	7.94653
2.171	7.9211
2.17	7.99233
2.169	7.92224
2.168	7.75127
2.167	7.81716
2.166	7.88298
2.165	7.888
2.164	7.90731
2.163	7.7905
2.162	7.83071
2.161	7.75062
2.16	7.69865
2.159	7.76267
2.158	7.55749
2.157	7.59872
2.156	7.56489
2.155	7.63019
2.154	7.53017
2.153	7.63471
2.152	7.58387
2.151	7.592
2.15	7.579
2.149	7.65789
2.148	7.54179
2.147	7.60342
2.146	7.63674
2.145	7.77781
2.144	7.6778
2.143	7.59181
2.142	7.58041
2.141	7.55259
2.14	7.54769
2.139	7.52787
2.138	7.43149
2.137	7.49518
2.136	7.47926
2.135	7.34126
2.134	7.42697
2.133	7.31537
2.132	7.39095
2.131	7.31827
2.13	7.41389
2.129	7.48519
2.128	7.55736
2.127	7.43949
2.126	7.42556
2.125	7.51672
2.124	7.45349
2.123	7.43851
2.122	7.57083
2.121	7.58571
2.12	7.63828
2.119	7.69768
2.118	7.69108
2.117	7.73109
2.116	7.81238
2.115	7.89341
2.114	7.98041
2.113	7.94122
2.112	7.96498
2.111	8.09756
2.11	8.07218
2.109	8.17415
2.108	8.20769
2.107	8.19206
2.106	8.29415
2.105	8.34336
2.104	8.29559
2.103	8.34066
2.102	8.44813
2.101	8.41362
2.1	8.51414
2.099	8.58852
2.098	8.53636
2.097	8.51856
2.096	8.55064
2.095	8.51813
2.094	8.46936
2.093	8.47996
2.092	8.48883
2.091	8.5279
2.09	8.67763
2.089	8.55739
2.088	8.57075
2.087	8.53399
2.086	8.48248
2.085	8.4885
2.084	8.46489
2.083	8.54598
2.082	8.54075
2.081	8.53456
2.08	8.61809
2.079	8.55339
2.078	8.50565
2.077	8.47917
2.076	8.51969
2.075	8.52963
2.074	8.5515
2.073	8.56723
2.072	8.64987
2.071	8.68114
2.07	8.63588
2.069	8.66438
2.068	8.6592
2.067	8.71755
2.066	8.7358
2.065	8.6213
2.064	8.63513
2.063	8.7548
2.062	8.81095
2.061	8.82658
2.06	8.76041
2.059	8.81869
2.058	8.85496
2.057	8.8504
2.056	8.80346
2.055	8.7849
2.054	8.82827
2.053	8.80942
2.052	8.81418
2.051	8.83375
2.05	8.81658
2.049	8.7745
2.048	8.85476
2.047	8.82709
2.046	8.86528
2.045	8.89231
2.044	8.85849
2.043	8.87714
2.042	8.86198
2.041	8.78861
2.04	8.80852
2.039	8.82786
2.038	8.93186
2.037	8.8745
2.036	8.88457
2.035	8.76357
2.034	8.81804
2.033	8.81959
2.032	8.88732
2.031	8.91459
2.03	8.88824
2.029	8.832
2.028	8.87835
2.027	8.78842
2.026	8.88122
2.025	8.88411
2.024	8.88923
2.023	8.80476
2.022	8.80829
2.021	8.82143
2.02	8.85085
2.019	8.95748
2.018	8.93252
2.017	8.88707
2.016	8.89534
2.015	8.88374
2.014	8.8632
2.013	8.89588
2.012	8.96517
2.011	8.89202
2.01	8.84141
2.009	8.87435
2.008	8.89371
2.007	8.91818
2.006	8.93243
2.005	8.87411
2.004	8.84992
2.003	8.84594
2.002	8.87459
2.001	8.88881
2	8.82654
1.999	8.87213
1.998	8.73616
1.997	8.80062
1.996	8.88177
1.995	8.83932
1.994	8.87301
1.993	8.86454
1.992	8.76928
1.991	8.75839
1.99	8.77257
1.989	8.81404
1.988	8.87319
1.987	8.80124
1.986	8.77361
1.985	8.74509
1.984	8.75323
1.983	8.85846
1.982	8.83654
1.981	8.79851
1.98	8.79021
1.979	8.74885
1.978	8.72509
1.977	8.69127
1.976	8.71692
1.975	8.72797
1.974	8.77059
1.973	8.78175
1.972	8.77497
1.971	8.75268
1.97	8.64077
1.969	8.59574
1.968	8.68128
1.967	8.58962
1.966	8.61156
1.965	8.64934
1.964	8.58
1.963	8.66499
1.962	8.5842
1.961	8.46339
1.96	8.51101
1.959	8.53655
1.958	8.53793
1.957	8.55271
1.956	8.5751
1.955	8.53939
1.954	8.51895
1.953	8.50861
1.952	8.46357
1.951	8.50016
1.95	8.4569
1.949	8.4673
1.948	8.48758
1.947	8.41669
1.946	8.38406
1.945	8.48503
1.944	8.48827
1.943	8.40866
1.942	8.46461
1.941	8.44166
1.94	8.51512
1.939	8.51012
1.938	8.58704
1.937	8.55444
1.936	8.50548
1.935	8.5237
1.934	8.57695
1.933	8.4685
1.932	8.5473
1.931	8.58745
1.93	8.57718
1.929	8.56157
1.928	8.58258
1.927	8.59155
1.926	8.50229
1.925	8.60806
1.924	8.63437
1.923	8.65554
1.922	8.57173
1.921	8.55431
1.92	8.52684
1.919	8.60898
1.918	8.53249
1.917	8.59837
1.916	8.52967
1.915	8.60933
1.914	8.55908
1.913	8.64066
1.912	8.6341
1.911	8.5019
1.91	8.49462
1.909	8.55448
1.908	8.54751
1.907	8.57394
1.906	8.53294
1.905	8.56223
1.904	8.50118
1.903	8.61325
1.902	8.56715
1.901	8.63365
1.9	8.70126
1.899	8.6941
1.898	8.68377
1.897	8.72298
1.896	8.73575
1.895	8.71274
1.894	8.75859
1.893	8.80143
1.892	8.84249
1.891	8.85408
1.89	8.85276
1.889	8.89936
1.888	8.95296
1.887	9.00462
1.886	8.98603
1.885	8.99959
1.884	8.99117
1.883	9.02984
1.882	8.98841
1.881	9.03113
1.88	9.0701
1.879	9.01359
1.878	9.03852
1.877	9.05532
1.876	9.1082
1.875	9.11716
1.874	9.05949
1.873	9.13832
1.872	9.08955
1.871	9.08339
1.87	9.07047
1.869	9.02399
1.868	9.05575
1.867	9.04531
1.866	9.13444
1.865	9.14521
1.864	9.14183
1.863	9.11925
1.862	9.08704
1.861	9.12675
1.86	9.14615
1.859	9.13483
1.858	9.15978
1.857	9.15061
1.856	9.15584
1.855	9.19351
1.854	9.1426
1.853	9.19249
1.852	9.15717
1.851	9.20481
1.85	9.19909
1.849	9.24007
1.848	9.23009
1.847	9.14907
1.846	9.16864
1.845	9.18653
1.844	9.15732
1.843	9.16663
1.842	9.16837
1.841	9.13497
1.84	9.20375
1.839	9.12697
1.838	9.20297
1.837	9.17039
1.836	9.14697
1.835	9.15186
1.834	9.15407
1.833	9.11559
1.832	9.16321
1.831	9.09619
1.83	9.05066
1.829	9.0671
1.828	9.06141
1.827	9.09558
1.826	9.1261
1.825	9.11312
1.824	9.11987
1.823	9.07461
1.822	9.07838
1.821	9.10792
1.82	9.13305
1.819	9.12921
1.818	9.07341
1.817	9.10916
1.816	9.11967
1.815	9.06464
1.814	9.12081
1.813	9.17194
1.812	9.14939
1.811	9.07807
1.81	9.09273
1.809	9.14888
1.808	9.14842
1.807	9.12961
1.806	9.1254
1.805	9.14457
1.804	9.1459
1.803	9.14048
1.802	9.17233
1.801	9.11622
1.8	9.12696
1.799	9.13824
1.798	9.10887
1.797	9.10304
1.796	9.1249
1.795	9.1625
1.794	9.12895
1.793	9.13468
1.792	9.16672
1.791	9.15608
1.79	9.12272
1.789	9.17791
1.788	9.16938
1.787	9.1925
1.786	9.16882
1.785	9.16177
1.784	9.17364
1.783	9.16933
1.782	9.17554
1.781	9.1973
1.78	9.18955
1.779	9.2065
1.778	9.19816
1.777	9.19007
1.776	9.1609
1.775	9.17863
1.774	9.19565
1.773	9.17064
1.772	9.16622
1.771	9.17045
1.77	9.17934
1.769	9.1758
1.768	9.18126
1.767	9.18437
1.766	9.20955
1.765	9.20417
1.764	9.17777
1.763	9.15398
1.762	9.17367
1.761	9.16847
1.76	9.17012
1.759	9.17841
1.758	9.17829
1.757	9.18167
1.756	9.11008
1.755	9.13865
1.754	9.16807
1.753	9.16868
1.752	9.18041
1.751	9.16332
1.75	9.14943
1.749	9.15678
1.748	9.13982
1.747	9.1318
1.746	9.11987
1.745	9.14218
1.744	9.12359
1.743	9.15274
1.742	9.11626
1.741	9.08853
1.74	9.09126
1.739	9.11391
1.738	9.08519
1.737	9.06756
1.736	9.08437
1.735	9.10562
1.734	9.08056
1.733	9.07928
1.732	9.08367
1.731	9.05968
1.73	9.03448
1.729	9.02878
1.728	9.04272
1.727	9.03196
1.726	9.0301
1.725	9.04768
1.724	9.03846
1.723	9.03196
1.722	9.02436
1.721	9.02999
1.72	9.00772
1.719	9.02972
1.718	9.01536
1.717	8.99011
1.716	9.00333
1.715	8.98864
1.714	9.00541
1.713	8.97987
1.712	8.97963
1.711	9.00685
1.71	9.00813
1.709	8.97068
1.708	9.0169
1.707	8.99076
1.706	8.97386
1.705	8.99178
1.704	9.0025
1.703	8.98684
1.702	8.97479
1.701	8.99161
1.7	9.01039
1.699	9.01374
1.698	8.98985
1.697	8.99287
1.696	9.00264
1.695	9.00787
1.694	9.01342
1.693	9.00258
1.692	8.97709
1.691	8.92626
1.69	8.92081
1.689	8.94491
1.688	8.91681
1.687	8.8786
1.686	8.86843
1.685	8.83025
1.684	8.8164
1.683	8.79133
1.682	8.73631
1.681	8.72411
1.68	8.70985
1.679	8.65379
1.678	8.59803
1.677	8.58527
1.676	8.57744
1.675	8.5289
1.674	8.4951
1.673	8.47128
1.672	8.43433
1.671	8.39614
1.67	8.35007
1.669	8.29395
1.668	8.28662
1.667	8.23127
1.666	8.17263
1.665	8.13288
1.664	8.13394
1.663	8.14187
1.662	8.12557
1.661	8.07734
1.66	8.10572
1.659	8.09481
1.658	8.1057
1.657	8.13451
1.656	8.1371
1.655	8.18522
1.654	8.19531
1.653	8.258
1.652	8.31284
1.651	8.32524
1.65	8.40413
1.649	8.43841
1.648	8.53551
1.647	8.59686
1.646	8.66031
1.645	8.7134
1.644	8.7814
1.643	8.84968
1.642	8.91198
1.641	8.96155
1.64	8.99442
1.639	9.06359
1.638	9.11016
1.637	9.1724
1.636	9.19968
1.635	9.23264
1.634	9.30089
1.633	9.35833
1.632	9.36507
1.631	9.38042
1.63	9.3942
1.629	9.41254
1.628	9.43469
1.627	9.46697
1.626	9.46591
1.625	9.47402
1.624	9.49873
1.623	9.5304
1.622	9.51521
1.621	9.53347
1.62	9.53802
1.619	9.53597
1.618	9.56181
1.617	9.54339
1.616	9.56417
1.615	9.56168
1.614	9.53464
1.613	9.56489
1.612	9.57614
1.611	9.55707
1.61	9.58065
1.609	9.60173
1.608	9.59935
1.607	9.61716
1.606	9.61325
1.605	9.61932
1.604	9.61299
1.603	9.61968
1.602	9.66414
1.601	9.65254
1.6	9.63529
1.599	9.65395
1.598	9.6505
1.597	9.66114
1.596	9.65299
1.595	9.6696
1.594	9.66112
1.593	9.67738
1.592	9.69265
1.591	9.68194
1.59	9.67087
1.589	9.67786
1.588	9.67715
1.587	9.67945
1.586	9.68696
1.585	9.68526
1.584	9.71188
1.583	9.69332
1.582	9.68375
1.581	9.70099
1.58	9.69957
1.579	9.71244
1.578	9.72534
1.577	9.71802
1.576	9.69605
1.575	9.71183
1.574	9.71145
1.573	9.68881
1.572	9.68808
1.571	9.69791
1.57	9.72386
1.569	9.71496
1.568	9.6996
1.567	9.71986
1.566	9.71581
1.565	9.71457
1.564	9.73519
1.563	9.73442
1.562	9.72314
1.561	9.72006
1.56	9.73021
1.559	9.72328
1.558	9.73453
1.557	9.72826
1.556	9.71215
1.555	9.73491
1.554	9.75145
1.553	9.74568
1.552	9.74752
1.551	9.73101
1.55	9.71623
1.549	9.72348
1.548	9.73366
1.547	9.73254
1.546	9.7163
1.545	9.70487
1.544	9.72547
1.543	9.73404
1.542	9.73834
1.541	9.7478
1.54	9.7341
1.539	9.72932
1.538	9.74809
1.537	9.75453
1.536	9.72437
1.535	9.71734
1.534	9.73173
1.533	9.74227
1.532	9.73027
1.531	9.72959
1.53	9.73103
1.529	9.73681
1.528	9.75235
1.527	9.73838
1.526	9.74872
1.525	9.74618
1.524	9.7471
1.523	9.76518
1.522	9.76693
1.521	9.74934
1.52	9.7324
1.519	9.733
1.518	9.7428
1.517	9.74997
1.516	9.73667
1.515	9.72363
1.514	9.7266
1.513	9.74214
1.512	9.7465
1.511	9.73518
1.51	9.73307
1.509	9.73785
1.508	9.76287
1.507	9.73743
1.506	9.7431
1.505	9.75274
1.504	9.73501
1.503	9.73783
1.502	9.74169
1.501	9.74234
1.5	9.75213
1.499	9.73818
1.498	9.72578
1.497	9.74
1.496	9.75515
1.495	9.74101
1.494	9.72778
1.493	9.73648
1.492	9.72402
1.491	9.72913
1.49	9.73795
1.489	9.72625
1.488	9.72454
1.487	9.7314
1.486	9.73972
1.485	9.71861
1.484	9.72694
1.483	9.74435
1.482	9.72415
1.481	9.71368
1.48	9.72675
1.479	9.72884
1.478	9.73768
1.477	9.72254
1.476	9.73938
1.475	9.73799
1.474	9.72226
1.473	9.72619
1.472	9.71283
1.471	9.7129
1.47	9.70813
1.469	9.69782
1.468	9.69678
1.467	9.7168
1.466	9.70538
1.465	9.7018
1.464	9.71147
1.463	9.70474
1.462	9.71384
1.461	9.72447
1.46	9.72394
1.459	9.71612
1.458	9.70789
1.457	9.72401
1.456	9.71213
1.455	9.70434
1.454	9.70284
1.453	9.72381
1.452	9.71205
1.451	9.71099
1.45	9.69876
1.449	9.70208
1.448	9.70697
1.447	9.7176
1.446	9.71623
1.445	9.69939
1.444	9.69817
1.443	9.71262
1.442	9.70964
1.441	9.69848
1.44	9.70643
1.439	9.70094
1.438	9.70515
1.437	9.71236
1.436	9.71549
1.435	9.71483
1.434	9.70917
1.433	9.71934
1.432	9.69683
1.431	9.67917
1.43	9.69328
1.429	9.72292
1.428	9.70745
1.427	9.69358
1.426	9.68069
1.425	9.68022
1.424	9.69618
1.423	9.7103
1.422	9.70645
1.421	9.72468
1.42	9.72242
1.419	9.69859
1.418	9.68578
1.417	9.69876
1.416	9.70867
1.415	9.71996
1.414	9.73016
1.413	9.73634
1.412	9.73417
1.411	9.73665
1.41	9.74559
1.409	9.74194
1.408	9.74014
1.407	9.76888
1.406	9.77345
1.405	9.77242
1.404	9.78205
1.403	9.78654
1.402	9.7875
1.401	9.77781
1.4	9.78922
1.399	9.77648
1.398	9.76816
1.397	9.7937
1.396	9.81409
1.395	9.82084
1.394	9.82424
1.393	9.80568
1.392	9.81826
1.391	9.80985
1.39	9.81375
1.389	9.8288
1.388	9.84131
1.387	9.84077
1.386	9.85971
1.385	9.8638
1.384	9.85719
1.383	9.86872
1.382	9.87563
1.381	9.87916
1.38	9.86612
1.379	9.87444
1.378	9.88155
1.377	9.8852
1.376	9.89558
1.375	9.88346
1.374	9.90139
1.373	9.90747
1.372	9.89732
1.371	9.8886
1.37	9.89051
1.369	9.89724
1.368	9.88851
1.367	9.88276
1.366	9.90683
1.365	9.89073
1.364	9.89904
1.363	9.9019
1.362	9.91184
1.361	9.90949
1.36	9.90769
1.359	9.92204
1.358	9.91625
1.357	9.91923
1.356	9.92364
1.355	9.92549
1.354	9.93131
1.353	9.9467
1.352	9.93291
1.351	9.93398
1.35	9.94753
1.349	9.94154
1.348	9.95862
1.347	9.97087
1.346	9.9707
1.345	9.97341
1.344	9.99696
1.343	9.9762
1.342	9.99479
1.341	10.0161
1.34	10.0069
1.339	10.0129
1.338	9.99984
1.337	10.0149
1.336	10.0213
1.335	10.0043
1.334	10.0186
1.333	10.0333
1.332	10.0172
1.331	10.0132
1.33	10.0214
1.329	10.0364
1.328	10.0279
1.327	10.0235
1.326	10.0378
1.325	10.0312
1.324	10.0391
1.323	10.0356
1.322	10.0275
1.321	10.0447
1.32	10.055
1.319	10.0495
1.318	10.049
1.317	10.0595
1.316	10.0531
1.315	10.0455
1.314	10.0476
1.313	10.0618
1.312	10.056
1.311	10.0607
1.31	10.0665
1.309	10.062
1.308	10.0588
1.307	10.0686
1.306	10.0692
1.305	10.0634
1.304	10.0738
1.303	10.0792
1.302	10.0666
1.301	10.0753
1.3	10.0846
1.299	10.0736
1.298	10.0756
1.297	10.0642
1.296	10.0717
1.295	10.0685
1.294	10.0813
1.293	10.0788
1.292	10.0815
1.291	10.0818
1.29	10.0753
1.289	10.0758
1.288	10.0795
1.287	10.0838
1.286	10.0904
1.285	10.0947
1.284	10.0919
1.283	10.0835
1.282	10.0846
1.281	10.0819
1.28	10.0949
1.279	10.0946
1.278	10.0843
1.277	10.0921
1.276	10.0827
1.275	10.0886
1.274	10.0789
1.273	10.1076
1.272	10.1086
1.271	10.1084
1.27	10.1008
1.269	10.1039
1.268	10.1113
1.267	10.1098
1.266	10.1159
1.265	10.1135
1.264	10.1048
1.263	10.0973
1.262	10.0992
1.261	10.1033
1.26	10.1121
1.259	10.1302
1.258	10.1195
1.257	10.1105
1.256	10.116
1.255	10.1107
1.254	10.1147
1.253	10.1164
1.252	10.1208
1.251	10.1198
1.25	10.1206
1.249	10.1164
1.248	10.1236
1.247	10.1189
1.246	10.1195
1.245	10.1113
1.244	10.1147
1.243	10.1255
1.242	10.1211
1.241	10.1205
1.24	10.1255
1.239	10.1203
1.238	10.1253
1.237	10.1267
1.236	10.1244
1.235	10.1316
1.234	10.137
1.233	10.1414
1.232	10.1344
1.231	10.1207
1.23	10.1229
1.229	10.1251
1.228	10.1294
1.227	10.1382
1.226	10.1348
1.225	10.1311
1.224	10.1323
1.223	10.14
1.222	10.1369
1.221	10.1295
1.22	10.1329
1.219	10.1335
1.218	10.132
1.217	10.1406
1.216	10.1438
1.215	10.1365
1.214	10.1437
1.213	10.1344
1.212	10.1314
1.211	10.1314
1.21	10.1418
1.209	10.1367
1.208	10.1338
1.207	10.1254
1.206	10.1252
1.205	10.132
1.204	10.1306
1.203	10.1273
1.202	10.1348
1.201	10.1365
1.2	10.137
1.199	10.1285
1.198	10.1261
1.197	10.1489
1.196	10.1452
1.195	10.1372
1.194	10.1331
1.193	10.1299
1.192	10.1393
1.191	10.1369
1.19	10.1445
1.189	10.1368
1.188	10.1363
1.187	10.1294
1.186	10.1288
1.185	10.1247
1.184	10.1264
1.183	10.1334
1.182	10.1365
1.181	10.1288
1.18	10.1233
1.179	10.1202
1.178	10.1236
1.177	10.1198
1.176	10.1223
1.175	10.1309
1.174	10.1305
1.173	10.1329
1.172	10.1261
1.171	10.1329
1.17	10.1351
1.169	10.1297
1.168	10.1251
1.167	10.1312
1.166	10.1233
1.165	10.1263
1.164	10.1228
1.163	10.1311
1.162	10.1334
1.161	10.1389
1.16	10.1449
1.159	10.1344
1.158	10.141
1.157	10.1415
1.156	10.1341
1.155	10.14
1.154	10.1381
1.153	10.1384
1.152	10.1355
1.151	10.1418
1.15	10.1383
1.149	10.1433
1.148	10.1396
1.147	10.136
1.146	10.1416
1.145	10.1378
1.144	10.145
1.143	10.1346
1.142	10.1295
1.141	10.1231
1.14	10.1269
1.139	10.1166
1.138	10.1032
1.137	10.1147
1.136	10.1093
1.135	10.1104
1.134	10.1121
1.133	10.098
1.132	10.0995
1.131	10.1024
1.13	10.1044
1.129	10.1051
1.128	10.0928
1.127	10.0979
1.126	10.11
1.125	10.1126
1.124	10.1197
1.123	10.124
1.122	10.1331
1.121	10.1413
1.12	10.1361
1.119	10.1471
1.118	10.1618
1.117	10.1609
1.116	10.1738
1.115	10.1739
1.114	10.1734
1.113	10.1762
1.112	10.1858
1.111	10.197
1.11	10.2027
1.109	10.2074
1.108	10.2167
1.107	10.2269
1.106	10.2203
1.105	10.2334
1.104	10.2337
1.103	10.2328
1.102	10.2443
1.101	10.2447
1.1	10.2508
1.099	10.2409
1.098	10.2368
1.097	10.242
1.096	10.2442
1.095	10.2452
1.094	10.2573
1.093	10.2557
1.092	10.249
1.091	10.2496
1.09	10.2556
1.089	10.2589
1.088	10.2635
1.087	10.2672
1.086	10.2527
1.085	10.2616
1.084	10.2612
1.083	10.2648
1.082	10.2685
1.081	10.2681
1.08	10.2634
1.079	10.262
1.078	10.2595
1.077	10.2626
1.076	10.2611
1.075	10.2696
1.074	10.2713
1.073	10.2655
1.072	10.2644
1.071	10.2744
1.07	10.2817
1.069	10.2779
1.068	10.2778
1.067	10.277
1.066	10.2756
1.065	10.2703
1.064	10.2714
1.063	10.2834
1.062	10.2865
1.061	10.2829
1.06	10.2866
1.059	10.2904
1.058	10.287
1.057	10.2897
1.056	10.2918
1.055	10.2901
1.054	10.282
1.053	10.2854
1.052	10.2922
1.051	10.2901
1.05	10.2868
1.049	10.2846
1.048	10.2885
1.047	10.292
1.046	10.293
1.045	10.2859
1.044	10.3011
1.043	10.2966
1.042	10.2973
1.041	10.2939
1.04	10.2855
1.039	10.2845
1.038	10.292
1.037	10.2942
1.036	10.298
1.035	10.2963
1.034	10.3015
1.033	10.3081
1.032	10.2942
1.031	10.2917
1.03	10.2998
1.029	10.2992
1.028	10.3
1.027	10.2963
1.026	10.3055
1.025	10.314
1.024	10.3153
1.023	10.3009
1.022	10.3013
1.021	10.3163
1.02	10.3204
1.019	10.309
1.018	10.305
1.017	10.3075
1.016	10.3053
1.015	10.302
1.014	10.3024
1.013	10.3234
1.012	10.3177
1.011	10.3244
1.01	10.3358
1.009	10.3234
1.008	10.3075
1.007	10.3104
1.006	10.3221
1.005	10.3133
1.004	10.321
1.003	10.3211
1.002	10.3259
1.001	10.3313
1	10.3169
0.999	10.3216
0.998	10.3247
0.997	10.33
0.996	10.3319
0.995	10.3294
0.994	10.3289
0.993	10.335
0.992	10.3243
0.991	10.3327
0.99	10.3396
0.989	10.3358
0.988	10.3433
0.987	10.341
0.986	10.3398
0.985	10.3422
0.984	10.3307
0.983	10.3499
0.982	10.3397
0.981	10.3422
0.98	10.3442
0.979	10.3464
0.978	10.3458
0.977	10.3445
0.976	10.3371
0.975	10.3432
0.974	10.3458
0.973	10.3523
0.972	10.359
0.971	10.3668
0.97	10.3573
0.969	10.3656
0.968	10.3548
0.967	10.3562
0.966	10.3562
0.965	10.3551
0.964	10.3591
0.963	10.3644
0.962	10.3563
0.961	10.3503
0.96	10.3478
0.959	10.3447
0.958	10.3595
0.957	10.3622
0.956	10.3601
0.955	10.3643
0.954	10.3731
0.953	10.3736
0.952	10.3664
0.951	10.3686
0.95	10.3803
0.949	10.3753
0.948	10.3627
0.947	10.3761
0.946	10.3724
0.945	10.3593
0.944	10.3619
0.943	10.3594
0.942	10.3659
0.941	10.3659
0.94	10.3656
0.939	10.3651
0.938	10.3761
0.937	10.3788
0.936	10.3764
0.935	10.3776
0.934	10.3674
0.933	10.3783
0.932	10.3661
0.931	10.3589
0.93	10.3758
0.929	10.3721
0.928	10.3802
0.927	10.3935
0.926	10.3902
0.925	10.3827
0.924	10.382
0.923	10.3763
0.922	10.3719
0.921	10.3819
0.92	10.3925
0.919	10.3839
0.918	10.382
0.917	10.3865
0.916	10.39
0.915	10.4054
0.914	10.3875
0.913	10.3791
0.912	10.379
0.911	10.39
0.91	10.4084
0.909	10.387
0.908	10.389
0.907	10.4158
0.906	10.4021
0.905	10.3999
0.904	10.4074
0.903	10.4124
0.902	10.4045
0.901	10.3896
0.9	10.3997
0.899	10.4127
0.898	10.4088
0.897	10.4032
0.896	10.4134
0.895	10.4238
0.894	10.4168
0.893	10.4164
0.892	10.4192
0.891	10.4176
0.89	10.4168
0.889	10.4176
0.888	10.404
0.887	10.4052
0.886	10.4157
0.885	10.4416
0.884	10.4341
0.883	10.4158
0.882	10.4183
0.881	10.4433
0.88	10.4269
0.879	10.4202
0.878	10.4208
0.877	10.4561
0.876	10.4442
0.875	10.4238
0.874	10.426
0.873	10.4198
0.872	10.4442
0.871	10.4136
0.87	10.4114
0.869	10.4305
0.868	10.4469
0.867	10.4232
0.866	10.4171
0.865	10.404
0.864	10.417
0.863	10.4252
0.862	10.4519
0.861	10.4295
0.86	10.4371
0.859	10.4326
0.858	10.4446
0.857	10.4201
0.856	10.4466
0.855	10.4266
0.854	10.4252
0.853	10.444
0.852	10.4378
0.851	10.4216
0.85	10.7058
0.849	10.6812
0.848	10.7008
0.847	10.7475
0.846	10.7409
0.845	10.7579
0.844	10.7364
0.843	10.7298
0.842	10.7115
0.841	10.7403
0.84	10.7482
0.839	10.7743
0.838	10.7889
0.837	10.77
0.836	10.7712
0.835	10.7873
0.834	10.7977
0.833	10.8164
0.832	10.8056
0.831	10.7847
0.83	10.7745
0.829	10.7754
0.828	10.7817
0.827	10.8126
0.826	10.8293
0.825	10.8151
0.824	10.7863
0.823	10.7972
0.822	10.7872
0.821	10.7911
0.82	10.8105
0.819	10.7872
0.818	10.7783
0.817	10.7809
0.816	10.7633
0.815	10.7834
0.814	10.7959
0.813	10.7828
0.812	10.7633
0.811	10.7938
0.81	10.7792
0.809	10.7767
0.808	10.7851
0.807	10.77
0.806	10.7663
0.805	10.7625
0.804	10.7712
0.803	10.7795
0.802	10.7825
0.801	10.7572
0.8	10.7758
0.799	10.788
0.798	10.7692
0.797	10.779
0.796	10.7798
0.795	10.7656
0.794	10.7644
0.793	10.7683
0.792	10.7701
0.791	10.775
0.79	10.7686
0.789	10.7786
0.788	10.7817
0.787	10.7838
0.786	10.7755
0.785	10.763
0.784	10.7612
0.783	10.7788
0.782	10.7806
0.781	10.7671
0.78	10.7774
0.779	10.7752
0.778	10.7636
0.777	10.7594
0.776	10.7926
0.775	10.8006
0.774	10.7858
0.773	10.7636
0.772	10.7591
0.771	10.7735
0.77	10.7724
0.769	10.7672
0.768	10.7605
0.767	10.7725
0.766	10.7651
0.765	10.7521
0.764	10.7542
0.763	10.7591
0.762	10.7445
0.761	10.7589
0.76	10.7485
0.759	10.7521
0.758	10.7607
0.757	10.7649
0.756	10.7542
0.755	10.7555
0.754	10.7607
0.753	10.7558
0.752	10.7455
0.751	10.7455
0.75	10.7466
0.749	10.7299
0.748	10.734
0.747	10.7371
0.746	10.7422
0.745	10.7276
0.744	10.74
0.743	10.7327
0.742	10.7245
0.741	10.7309
0.74	10.7307
0.739	10.736
0.738	10.729
0.737	10.7362
0.736	10.7235
0.735	10.7174
0.734	10.7208
0.733	10.7339
0.732	10.7307
0.731	10.7283
0.73	10.7287
0.729	10.7249
0.728	10.7291
0.727	10.7276
0.726	10.7175
0.725	10.7308
0.724	10.7193
0.723	10.7225
0.722	10.7258
0.721	10.7306
0.72	10.7385
0.719	10.7388
0.718	10.7305
0.717	10.7192
0.716	10.7223
0.715	10.7272
0.714	10.7153
0.713	10.7276
0.712	10.7161
0.711	10.712
0.71	10.703
0.709	10.7109
0.708	10.7046
0.707	10.7003
0.706	10.6945
0.705	10.6892
0.704	10.6873
0.703	10.6877
0.702	10.6854
0.701	10.6834
0.7	10.676
0.699	10.666
0.698	10.6658
0.697	10.6562
0.696	10.6541
0.695	10.6414
0.694	10.6458
0.693	10.6454
0.692	10.6362
0.691	10.6371
0.69	10.6413
0.689	10.64
0.688	10.6312
0.687	10.6403
0.686	10.6442
0.685	10.6544
0.684	10.6591
0.683	10.6651
0.682	10.6708
0.681	10.6835
0.68	10.6899
0.679	10.7019
0.678	10.7065
0.677	10.7029
0.676	10.7093
0.675	10.7121
0.674	10.7189
0.673	10.7217
0.672	10.7135
0.671	10.7177
0.67	10.7156
0.669	10.7058
0.668	10.712
0.667	10.7108
0.666	10.7161
0.665	10.7199
0.664	10.7168
0.663	10.7191
0.662	10.7143
0.661	10.7122
0.66	10.7093
0.659	10.7069
0.658	10.7057
0.657	10.7108
0.656	10.7138
0.655	10.7142
0.654	10.7144
0.653	10.709
0.652	10.7079
0.651	10.7085
0.65	10.7074
0.649	10.7087
0.648	10.7083
0.647	10.7107
0.646	10.7127
0.645	10.7204
0.644	10.7239
0.643	10.7198
0.642	10.7212
0.641	10.7259
0.64	10.7319
0.639	10.726
0.638	10.7288
0.637	10.7336
0.636	10.7342
0.635	10.7315
0.634	10.7279
0.633	10.7401
0.632	10.7284
0.631	10.7213
0.63	10.7271
0.629	10.73
0.628	10.736
0.627	10.7345
0.626	10.7356
0.625	10.7345
0.624	10.7284
0.623	10.726
0.622	10.7289
0.621	10.7326
0.62	10.7225
0.619	10.7197
0.618	10.7171
0.617	10.718
0.616	10.7172
0.615	10.7117
0.614	10.7143
0.613	10.7129
0.612	10.7169
0.611	10.7191
0.61	10.7205
0.609	10.7229
0.608	10.7278
0.607	10.7278
0.606	10.7251
0.605	10.7252
0.604	10.7215
0.603	10.7264
0.602	10.73
0.601	10.7379
0.6	10.7393
0.599	10.7338
0.598	10.7325
0.597	10.7325
0.596	10.7347
0.595	10.7364
0.594	10.739
0.593	10.75
0.592	10.739
0.591	10.7426
0.59	10.7462
0.589	10.7475
0.588	10.747
0.587	10.7549
0.586	10.7462
0.585	10.7504
0.584	10.7571
0.583	10.7472
0.582	10.7416
0.581	10.7511
0.58	10.7601
0.579	10.7625
0.578	10.7609
0.577	10.7716
0.576	10.7724
0.575	10.7734
0.574	10.7686
0.573	10.7688
0.572	10.7766
0.571	10.7797
0.57	10.7812
0.569	10.7787
0.568	10.7766
0.567	10.7859
0.566	10.7854
0.565	10.7862
0.564	10.7973
0.563	10.8015
0.562	10.8053
0.561	10.8017
0.56	10.7968
0.559	10.7983
0.558	10.7942
0.557	10.8038
0.556	10.8027
0.555	10.8137
0.554	10.8222
0.553	10.8136
0.552	10.8121
0.551	10.8151
0.55	10.8267
0.549	10.8233
0.548	10.8269
0.547	10.8287
0.546	10.8383
0.545	10.8495
0.544	10.852
0.543	10.8629
0.542	10.8588
0.541	10.8472
0.54	10.8558
0.539	10.8568
0.538	10.8608
0.537	10.8669
0.536	10.872
0.535	10.8741
0.534	10.878
0.533	10.8805
0.532	10.8733
0.531	10.8815
0.53	10.8848
0.529	10.8844
0.528	10.8889
0.527	10.8925
0.526	10.906
0.525	10.9023
0.524	10.9045
0.523	10.9124
0.522	10.9054
0.521	10.9224
0.52	10.9266
0.519	10.9323
0.518	10.9328
0.517	10.9325
0.516	10.9303
0.515	10.9384
0.514	10.9469
0.513	10.9473
0.512	10.9487
0.511	10.9555
0.51	10.9524
0.509	10.9667
0.508	10.9669
0.507	10.9721
0.506	10.9841
0.505	10.9896
0.504	10.9877
0.503	10.9916
0.502	11.0089
0.501	11.0069
0.5	11.0033
0.499	11.0143
0.498	11.017
0.497	11.0233
0.496	11.0131
0.495	11.0262
0.494	11.0365
0.493	11.0275
0.492	11.0287
0.491	11.0413
0.49	11.0523
0.489	11.0677
0.488	11.0643
0.487	11.068
0.486	11.0798
0.485	11.0826
0.484	11.0867
0.483	11.0909
0.482	11.1076
0.481	11.1066
0.48	11.1142
0.479	11.1089
0.478	11.114
0.477	11.1229
0.476	11.1257
0.475	11.1429
0.474	11.1356
0.473	11.1426
0.472	11.1479
0.471	11.1596
0.47	11.1709
0.469	11.1836
0.468	11.1866
0.467	11.2011
0.466	11.2031
0.465	11.2104
0.464	11.2063
0.463	11.2133
0.462	11.2216
0.461	11.2416
0.46	11.2461
0.459	11.2509
0.458	11.2535
0.457	11.2679
0.456	11.2729
0.455	11.2774
0.454	11.285
0.453	11.2963
0.452	11.299
0.451	11.3067
0.45	11.2997
0.449	11.3142
0.448	11.3155
0.447	11.3265
0.446	11.3351
0.445	11.3454
0.444	11.3556
0.443	11.3652
0.442	11.3831
0.441	11.3899
0.44	11.3939
0.439	11.4015
0.438	11.4126
0.437	11.4218
0.436	11.4327
0.435	11.4393
0.434	11.4405
0.433	11.4508
0.432	11.4722
0.431	11.4672
0.43	11.4853
0.429	11.4755
0.428	11.4858
0.427	11.4981
0.426	11.5184
0.425	11.5172
0.424	11.5408
0.423	11.5662
0.422	11.5671
0.421	11.5812
0.42	11.6013
0.419	11.6048
0.418	11.6262
0.417	11.6326
0.416	11.6409
0.415	11.6481
0.414	11.6794
0.413	11.6984
0.412	11.6995
0.411	11.7089
0.41	11.7221
0.409	11.7186
0.408	11.7337
0.407	11.7736
0.406	11.7647
0.405	11.7905
0.404	11.8072
0.403	11.806
0.402	11.8309
0.401	11.8544
0.4	11.86
0.399	11.8893
0.398	11.9019
0.397	11.894
0.396	11.907
0.395	11.9524
0.394	11.9587
0.393	11.97
0.392	11.99
0.391	12.0173
0.39	12.0241
0.389	12.0519
0.388	12.0664
0.387	12.0655
0.386	12.0971
0.385	12.1214
0.384	12.1614
0.383	12.1444
0.382	12.1631
0.381	12.1866
0.38	12.2021
0.379	12.2255
0.378	12.2391
0.377	12.2498
0.376	12.2694
0.375	12.2908
0.374	12.3368
0.373	12.3752
0.372	12.4053
0.371	12.4611
0.37	12.5295
0.369	12.6125
0.368	12.6844
0.367	12.7299
0.366	12.8114
0.365	12.895
0.364	12.9611
0.363	12.9998
0.362	13.082
0.361	13.1465
0.36	13.1881
0.359	13.2683
0.358	13.2817
0.357	13.3172
0.356	13.3864
0.355	13.376
0.354	13.3707
0.353	13.3696
0.352	13.4441
0.351	13.5095
0.35	13.5297
0.349	13.5673
0.348	13.6351
0.347	13.679
0.346	13.7417
0.345	13.8183
0.344	13.9082
0.343	13.9618
0.342	14.0424
0.341	14.0674
0.34	14.1367
0.339	14.0698
0.338	14.1021
0.337	14.1457
0.336	14.1416
0.335	14.1371
0.334	14.1712
0.333	14.1471
0.332	14.1465
0.331	14.1735
0.33	14.2718
0.329	14.2849
0.328	14.2559
0.327	14.266
0.326	14.2497
0.325	14.1586
0.324	13.9686
0.323	13.725
0.322	13.4335
0.321	13.2028
0.32	12.8444
0.319	12.4086
0.318	11.9751
0.317	11.5819
0.316	11.2352
0.315	10.949
0.314	10.6887
0.313	10.4623
0.312	10.312
0.311	10.2094
0.31	10.1739
0.309	10.1118
0.308	10.07
0.307	10.1367
0.306	10.1805
0.305	10.1857
0.304	10.1557
0.303	10.1121
0.302	10.0819
0.301	10.016
0.3	9.99909